     x            y            U            V            T
  1.00   0.00000000   0.00000000   0.00000000 500.00000000
  1.00   0.00316228   0.00033206   0.00000026 493.35889903
  1.00   0.00632456   0.00066408   0.00000105 486.71844120
  1.00   0.00948683   0.00099599   0.00000236 480.08027972
  1.00   0.01264911   0.00132764   0.00000420 473.44716708
  1.00   0.01581139   0.00165885   0.00000655 466.82294831
  1.00   0.01897367   0.00198937   0.00000943 460.21254836
  1.00   0.02213594   0.00231890   0.00001281 453.62195144
  1.00   0.02529822   0.00264709   0.00001671 447.05817072
  1.00   0.02846050   0.00297354   0.00002109 440.52920656
  1.00   0.03162278   0.00329780   0.00002596 434.04399184
  1.00   0.03478505   0.00361938   0.00003130 427.61232314
  1.00   0.03794733   0.00393776   0.00003709 421.24477686
  1.00   0.04110961   0.00425237   0.00004331 414.95260987
  1.00   0.04427189   0.00456262   0.00004993 408.74764449
  1.00   0.04743416   0.00486789   0.00005693 402.64213836
  1.00   0.05059644   0.00516757   0.00006427 396.64864026
  1.00   0.05375872   0.00546101   0.00007193 390.77983335
  1.00   0.05692100   0.00574758   0.00007985 385.04836811
  1.00   0.06008328   0.00602667   0.00008802 379.46668779
  1.00   0.06324555   0.00629766   0.00009637 374.04684936
  1.00   0.06640783   0.00655998   0.00010487 368.80034403
  1.00   0.06957011   0.00681310   0.00011348 363.73792100
  1.00   0.07273239   0.00705653   0.00012214 358.86941893
  1.00   0.07589466   0.00728982   0.00013080 354.20360922
  1.00   0.07905694   0.00751260   0.00013943 349.74805529
  1.00   0.08221922   0.00772455   0.00014798 345.50899177
  1.00   0.08538150   0.00792544   0.00015639 341.49122694
  1.00   0.08854377   0.00811510   0.00016464 337.69807112
  1.00   0.09170605   0.00829344   0.00017267 334.13129328
  1.00   0.09486833   0.00846044   0.00018046 330.79110937
  1.00   0.09803061   0.00861619   0.00018797 327.67618723
  1.00   0.10119289   0.00876081   0.00019517 324.78370655
  1.00   0.10435516   0.00889453   0.00020204 322.10942003
  1.00   0.10751744   0.00901761   0.00020856 319.64775248
  1.00   0.11067972   0.00913040   0.00021471 317.39191923
  1.00   0.11384200   0.00923330   0.00022048 315.33406102
  1.00   0.11700427   0.00932673   0.00022587 313.46540121
  1.00   0.12016655   0.00941118   0.00023088 311.77639482
  1.00   0.12332883   0.00948715   0.00023550 310.25690130
  1.00   0.12649111   0.00955518   0.00023975 308.89634818
  1.00   0.12965338   0.00961581   0.00024363 307.68389321
  1.00   0.13281566   0.00966957   0.00024716 306.60857940
  1.00   0.13597794   0.00971703   0.00025035 305.65947954
  1.00   0.13914022   0.00975871   0.00025321 304.82582777
  1.00   0.14230249   0.00979514   0.00025578 304.09713603
  1.00   0.14546477   0.00982684   0.00025806 303.46329414
  1.00   0.14862705   0.00985427   0.00026007 302.91465279
  1.00   0.15178933   0.00987790   0.00026185 302.44208921
  1.00   0.15495161   0.00989815   0.00026340 302.03705614
  1.00   0.15811388   0.00991542   0.00026475 301.69161464
  1.00   0.16127616   0.00993008   0.00026592 301.39845227
  1.00   0.16443844   0.00994246   0.00026693 301.15088788
  1.00   0.16760072   0.00995286   0.00026779 300.94286487
  1.00   0.17076299   0.00996155   0.00026853 300.76893451
  1.00   0.17392527   0.00996879   0.00026915 300.62423131
  1.00   0.17708755   0.00997478   0.00026968 300.50444206
  1.00   0.18024983   0.00997971   0.00027012 300.40577026
  1.00   0.18341210   0.00998376   0.00027048 300.32489743
  1.00   0.18657438   0.00998705   0.00027079 300.25894275
  1.00   0.18973666   0.00998973   0.00027104 300.20542214
  1.00   0.19289894   0.00999189   0.00027125 300.16220775
  1.00   0.19606121   0.00999363   0.00027142 300.12748876
  1.00   0.19922349   0.00999501   0.00027155 300.09973405
  1.00   0.20238577   0.00999612   0.00027166 300.07765722
  1.00   0.20554805   0.00999699   0.00027175 300.06018423
  1.00   0.20871033   0.00999768   0.00027182 300.04642394
  1.00   0.21187260   0.00999822   0.00027188 300.03564148
  1.00   0.21503488   0.00999864   0.00027193 300.02723455
  1.00   0.21819716   0.00999896   0.00027196 300.02071245
  1.00   0.22135944   0.00999922   0.00027199 300.01567784
  1.00   0.22452171   0.00999941   0.00027201 300.01181084
  1.00   0.22768399   0.00999956   0.00027203 300.00885547
  1.00   0.23084627   0.00999967   0.00027204 300.00660808
  1.00   0.23400855   0.00999975   0.00027205 300.00490759
  1.00   0.23717082   0.00999982   0.00027206 300.00362733
  1.00   0.24033310   0.00999987   0.00027206 300.00266825
  1.00   0.24349538   0.00999990   0.00027207 300.00195336
  1.00   0.24665766   0.00999993   0.00027207 300.00142316
  1.00   0.24981994   0.00999995   0.00027207 300.00103188
  1.00   0.25298221   0.00999996   0.00027208 300.00074457
  1.00   0.25614449   0.00999997   0.00027208 300.00053464
  1.00   0.25930677   0.00999998   0.00027208 300.00038203
  1.00   0.26246905   0.00999999   0.00027208 300.00027164
  1.00   0.26563132   0.00999999   0.00027208 300.00019218
  1.00   0.26879360   0.00999999   0.00027208 300.00013527
  1.00   0.27195588   0.01000000   0.00027208 300.00009472
  1.00   0.27511816   0.01000000   0.00027208 300.00006597
  1.00   0.27828043   0.01000000   0.00027208 300.00004568
  1.00   0.28144271   0.01000000   0.00027208 300.00003144
  1.00   0.28460499   0.01000000   0.00027208 300.00002149
  1.00   0.28776727   0.01000000   0.00027208 300.00001458
  1.00   0.29092954   0.01000000   0.00027208 300.00000980
  1.00   0.29409182   0.01000000   0.00027208 300.00000651
  1.00   0.29725410   0.01000000   0.00027208 300.00000426
  1.00   0.30041638   0.01000000   0.00027208 300.00000273
  1.00   0.30357866   0.01000000   0.00027208 300.00000169
  1.00   0.30674093   0.01000000   0.00027208 300.00000099
  1.00   0.30990321   0.01000000   0.00027208 300.00000052
  1.00   0.31306549   0.01000000   0.00027208 300.00000021
  1.00   0.31622777   0.01000000   0.00027208 300.00000000
  2.00   0.00000000   0.00000000   0.00000000 500.00000000
  2.00   0.00447214   0.00033206   0.00000019 493.35889903
  2.00   0.00894427   0.00066408   0.00000074 486.71844120
  2.00   0.01341641   0.00099599   0.00000167 480.08027972
  2.00   0.01788854   0.00132764   0.00000297 473.44716708
  2.00   0.02236068   0.00165885   0.00000463 466.82294831
  2.00   0.02683282   0.00198937   0.00000667 460.21254836
  2.00   0.03130495   0.00231890   0.00000906 453.62195144
  2.00   0.03577709   0.00264709   0.00001181 447.05817072
  2.00   0.04024922   0.00297354   0.00001492 440.52920656
  2.00   0.04472136   0.00329780   0.00001836 434.04399184
  2.00   0.04919350   0.00361938   0.00002213 427.61232314
  2.00   0.05366563   0.00393776   0.00002623 421.24477686
  2.00   0.05813777   0.00425237   0.00003062 414.95260987
  2.00   0.06260990   0.00456262   0.00003531 408.74764449
  2.00   0.06708204   0.00486789   0.00004025 402.64213836
  2.00   0.07155418   0.00516757   0.00004545 396.64864026
  2.00   0.07602631   0.00546101   0.00005086 390.77983335
  2.00   0.08049845   0.00574758   0.00005647 385.04836811
  2.00   0.08497058   0.00602667   0.00006224 379.46668779
  2.00   0.08944272   0.00629766   0.00006814 374.04684936
  2.00   0.09391486   0.00655998   0.00007416 368.80034403
  2.00   0.09838699   0.00681310   0.00008024 363.73792100
  2.00   0.10285913   0.00705653   0.00008636 358.86941893
  2.00   0.10733126   0.00728982   0.00009249 354.20360922
  2.00   0.11180340   0.00751260   0.00009859 349.74805529
  2.00   0.11627553   0.00772455   0.00010463 345.50899177
  2.00   0.12074767   0.00792544   0.00011059 341.49122694
  2.00   0.12521981   0.00811510   0.00011642 337.69807112
  2.00   0.12969194   0.00829344   0.00012210 334.13129328
  2.00   0.13416408   0.00846044   0.00012760 330.79110937
  2.00   0.13863621   0.00861619   0.00013291 327.67618723
  2.00   0.14310835   0.00876081   0.00013801 324.78370655
  2.00   0.14758049   0.00889453   0.00014286 322.10942003
  2.00   0.15205262   0.00901761   0.00014747 319.64775248
  2.00   0.15652476   0.00913040   0.00015182 317.39191923
  2.00   0.16099689   0.00923330   0.00015591 315.33406102
  2.00   0.16546903   0.00932673   0.00015972 313.46540121
  2.00   0.16994117   0.00941118   0.00016326 311.77639482
  2.00   0.17441330   0.00948715   0.00016653 310.25690130
  2.00   0.17888544   0.00955518   0.00016953 308.89634818
  2.00   0.18335757   0.00961581   0.00017227 307.68389321
  2.00   0.18782971   0.00966957   0.00017477 306.60857940
  2.00   0.19230185   0.00971703   0.00017702 305.65947954
  2.00   0.19677398   0.00975871   0.00017905 304.82582777
  2.00   0.20124612   0.00979514   0.00018086 304.09713603
  2.00   0.20571825   0.00982684   0.00018247 303.46329414
  2.00   0.21019039   0.00985427   0.00018390 302.91465279
  2.00   0.21466253   0.00987790   0.00018515 302.44208921
  2.00   0.21913466   0.00989815   0.00018625 302.03705614
  2.00   0.22360680   0.00991542   0.00018721 301.69161464
  2.00   0.22807893   0.00993008   0.00018804 301.39845227
  2.00   0.23255107   0.00994246   0.00018875 301.15088788
  2.00   0.23702321   0.00995286   0.00018936 300.94286487
  2.00   0.24149534   0.00996155   0.00018988 300.76893451
  2.00   0.24596748   0.00996879   0.00019032 300.62423131
  2.00   0.25043961   0.00997478   0.00019069 300.50444206
  2.00   0.25491175   0.00997971   0.00019100 300.40577026
  2.00   0.25938389   0.00998376   0.00019126 300.32489743
  2.00   0.26385602   0.00998705   0.00019148 300.25894275
  2.00   0.26832816   0.00998973   0.00019166 300.20542214
  2.00   0.27280029   0.00999189   0.00019180 300.16220775
  2.00   0.27727243   0.00999363   0.00019192 300.12748876
  2.00   0.28174457   0.00999501   0.00019202 300.09973405
  2.00   0.28621670   0.00999612   0.00019210 300.07765722
  2.00   0.29068884   0.00999699   0.00019216 300.06018423
  2.00   0.29516097   0.00999768   0.00019221 300.04642394
  2.00   0.29963311   0.00999822   0.00019225 300.03564148
  2.00   0.30410524   0.00999864   0.00019228 300.02723455
  2.00   0.30857738   0.00999896   0.00019231 300.02071245
  2.00   0.31304952   0.00999922   0.00019233 300.01567784
  2.00   0.31752165   0.00999941   0.00019234 300.01181084
  2.00   0.32199379   0.00999956   0.00019235 300.00885547
  2.00   0.32646592   0.00999967   0.00019236 300.00660808
  2.00   0.33093806   0.00999975   0.00019237 300.00490759
  2.00   0.33541020   0.00999982   0.00019237 300.00362733
  2.00   0.33988233   0.00999987   0.00019238 300.00266825
  2.00   0.34435447   0.00999990   0.00019238 300.00195336
  2.00   0.34882660   0.00999993   0.00019238 300.00142316
  2.00   0.35329874   0.00999995   0.00019239 300.00103188
  2.00   0.35777088   0.00999996   0.00019239 300.00074457
  2.00   0.36224301   0.00999997   0.00019239 300.00053464
  2.00   0.36671515   0.00999998   0.00019239 300.00038203
  2.00   0.37118728   0.00999999   0.00019239 300.00027164
  2.00   0.37565942   0.00999999   0.00019239 300.00019218
  2.00   0.38013156   0.00999999   0.00019239 300.00013527
  2.00   0.38460369   0.01000000   0.00019239 300.00009472
  2.00   0.38907583   0.01000000   0.00019239 300.00006597
  2.00   0.39354796   0.01000000   0.00019239 300.00004568
  2.00   0.39802010   0.01000000   0.00019239 300.00003144
  2.00   0.40249224   0.01000000   0.00019239 300.00002149
  2.00   0.40696437   0.01000000   0.00019239 300.00001458
  2.00   0.41143651   0.01000000   0.00019239 300.00000980
  2.00   0.41590864   0.01000000   0.00019239 300.00000651
  2.00   0.42038078   0.01000000   0.00019239 300.00000426
  2.00   0.42485292   0.01000000   0.00019239 300.00000273
  2.00   0.42932505   0.01000000   0.00019239 300.00000169
  2.00   0.43379719   0.01000000   0.00019239 300.00000099
  2.00   0.43826932   0.01000000   0.00019239 300.00000052
  2.00   0.44274146   0.01000000   0.00019239 300.00000021
  2.00   0.44721360   0.01000000   0.00019239 300.00000000
  3.00   0.00000000   0.00000000   0.00000000 500.00000000
  3.00   0.00547723   0.00033206   0.00000015 493.35889903
  3.00   0.01095445   0.00066408   0.00000061 486.71844120
  3.00   0.01643168   0.00099599   0.00000136 480.08027972
  3.00   0.02190890   0.00132764   0.00000242 473.44716708
  3.00   0.02738613   0.00165885   0.00000378 466.82294831
  3.00   0.03286335   0.00198937   0.00000544 460.21254836
  3.00   0.03834058   0.00231890   0.00000740 453.62195144
  3.00   0.04381780   0.00264709   0.00000965 447.05817072
  3.00   0.04929503   0.00297354   0.00001218 440.52920656
  3.00   0.05477226   0.00329780   0.00001499 434.04399184
  3.00   0.06024948   0.00361938   0.00001807 427.61232314
  3.00   0.06572671   0.00393776   0.00002141 421.24477686
  3.00   0.07120393   0.00425237   0.00002500 414.95260987
  3.00   0.07668116   0.00456262   0.00002883 408.74764449
  3.00   0.08215838   0.00486789   0.00003287 402.64213836
  3.00   0.08763561   0.00516757   0.00003711 396.64864026
  3.00   0.09311283   0.00546101   0.00004153 390.77983335
  3.00   0.09859006   0.00574758   0.00004610 385.04836811
  3.00   0.10406729   0.00602667   0.00005082 379.46668779
  3.00   0.10954451   0.00629766   0.00005564 374.04684936
  3.00   0.11502174   0.00655998   0.00006055 368.80034403
  3.00   0.12049896   0.00681310   0.00006552 363.73792100
  3.00   0.12597619   0.00705653   0.00007051 358.86941893
  3.00   0.13145341   0.00728982   0.00007552 354.20360922
  3.00   0.13693064   0.00751260   0.00008050 349.74805529
  3.00   0.14240786   0.00772455   0.00008543 345.50899177
  3.00   0.14788509   0.00792544   0.00009029 341.49122694
  3.00   0.15336232   0.00811510   0.00009505 337.69807112
  3.00   0.15883954   0.00829344   0.00009969 334.13129328
  3.00   0.16431677   0.00846044   0.00010419 330.79110937
  3.00   0.16979399   0.00861619   0.00010852 327.67618723
  3.00   0.17527122   0.00876081   0.00011268 324.78370655
  3.00   0.18074844   0.00889453   0.00011665 322.10942003
  3.00   0.18622567   0.00901761   0.00012041 319.64775248
  3.00   0.19170290   0.00913040   0.00012396 317.39191923
  3.00   0.19718012   0.00923330   0.00012730 315.33406102
  3.00   0.20265735   0.00932673   0.00013041 313.46540121
  3.00   0.20813457   0.00941118   0.00013330 311.77639482
  3.00   0.21361180   0.00948715   0.00013597 310.25690130
  3.00   0.21908902   0.00955518   0.00013842 308.89634818
  3.00   0.22456625   0.00961581   0.00014066 307.68389321
  3.00   0.23004347   0.00966957   0.00014270 306.60857940
  3.00   0.23552070   0.00971703   0.00014454 305.65947954
  3.00   0.24099793   0.00975871   0.00014619 304.82582777
  3.00   0.24647515   0.00979514   0.00014767 304.09713603
  3.00   0.25195238   0.00982684   0.00014899 303.46329414
  3.00   0.25742960   0.00985427   0.00015015 302.91465279
  3.00   0.26290683   0.00987790   0.00015118 302.44208921
  3.00   0.26838405   0.00989815   0.00015207 302.03705614
  3.00   0.27386128   0.00991542   0.00015285 301.69161464
  3.00   0.27933850   0.00993008   0.00015353 301.39845227
  3.00   0.28481573   0.00994246   0.00015411 301.15088788
  3.00   0.29029296   0.00995286   0.00015461 300.94286487
  3.00   0.29577018   0.00996155   0.00015503 300.76893451
  3.00   0.30124741   0.00996879   0.00015539 300.62423131
  3.00   0.30672463   0.00997478   0.00015570 300.50444206
  3.00   0.31220186   0.00997971   0.00015595 300.40577026
  3.00   0.31767908   0.00998376   0.00015616 300.32489743
  3.00   0.32315631   0.00998705   0.00015634 300.25894275
  3.00   0.32863353   0.00998973   0.00015649 300.20542214
  3.00   0.33411076   0.00999189   0.00015661 300.16220775
  3.00   0.33958799   0.00999363   0.00015670 300.12748876
  3.00   0.34506521   0.00999501   0.00015678 300.09973405
  3.00   0.35054244   0.00999612   0.00015685 300.07765722
  3.00   0.35601966   0.00999699   0.00015690 300.06018423
  3.00   0.36149689   0.00999768   0.00015694 300.04642394
  3.00   0.36697411   0.00999822   0.00015697 300.03564148
  3.00   0.37245134   0.00999864   0.00015700 300.02723455
  3.00   0.37792856   0.00999896   0.00015702 300.02071245
  3.00   0.38340579   0.00999922   0.00015703 300.01567784
  3.00   0.38888302   0.00999941   0.00015705 300.01181084
  3.00   0.39436024   0.00999956   0.00015706 300.00885547
  3.00   0.39983747   0.00999967   0.00015706 300.00660808
  3.00   0.40531469   0.00999975   0.00015707 300.00490759
  3.00   0.41079192   0.00999982   0.00015707 300.00362733
  3.00   0.41626914   0.00999987   0.00015708 300.00266825
  3.00   0.42174637   0.00999990   0.00015708 300.00195336
  3.00   0.42722359   0.00999993   0.00015708 300.00142316
  3.00   0.43270082   0.00999995   0.00015708 300.00103188
  3.00   0.43817805   0.00999996   0.00015708 300.00074457
  3.00   0.44365527   0.00999997   0.00015708 300.00053464
  3.00   0.44913250   0.00999998   0.00015708 300.00038203
  3.00   0.45460972   0.00999999   0.00015708 300.00027164
  3.00   0.46008695   0.00999999   0.00015708 300.00019218
  3.00   0.46556417   0.00999999   0.00015709 300.00013527
  3.00   0.47104140   0.01000000   0.00015709 300.00009472
  3.00   0.47651863   0.01000000   0.00015709 300.00006597
  3.00   0.48199585   0.01000000   0.00015709 300.00004568
  3.00   0.48747308   0.01000000   0.00015709 300.00003144
  3.00   0.49295030   0.01000000   0.00015709 300.00002149
  3.00   0.49842753   0.01000000   0.00015709 300.00001458
  3.00   0.50390475   0.01000000   0.00015709 300.00000980
  3.00   0.50938198   0.01000000   0.00015709 300.00000651
  3.00   0.51485920   0.01000000   0.00015709 300.00000426
  3.00   0.52033643   0.01000000   0.00015709 300.00000273
  3.00   0.52581366   0.01000000   0.00015709 300.00000169
  3.00   0.53129088   0.01000000   0.00015709 300.00000099
  3.00   0.53676811   0.01000000   0.00015709 300.00000052
  3.00   0.54224533   0.01000000   0.00015709 300.00000021
  3.00   0.54772256   0.01000000   0.00015709 300.00000000
  4.00   0.00000000   0.00000000   0.00000000 500.00000000
  4.00   0.00632456   0.00033206   0.00000013 493.35889903
  4.00   0.01264911   0.00066408   0.00000052 486.71844120
  4.00   0.01897367   0.00099599   0.00000118 480.08027972
  4.00   0.02529822   0.00132764   0.00000210 473.44716708
  4.00   0.03162278   0.00165885   0.00000328 466.82294831
  4.00   0.03794733   0.00198937   0.00000471 460.21254836
  4.00   0.04427189   0.00231890   0.00000641 453.62195144
  4.00   0.05059644   0.00264709   0.00000835 447.05817072
  4.00   0.05692100   0.00297354   0.00001055 440.52920656
  4.00   0.06324555   0.00329780   0.00001298 434.04399184
  4.00   0.06957011   0.00361938   0.00001565 427.61232314
  4.00   0.07589466   0.00393776   0.00001855 421.24477686
  4.00   0.08221922   0.00425237   0.00002165 414.95260987
  4.00   0.08854377   0.00456262   0.00002496 408.74764449
  4.00   0.09486833   0.00486789   0.00002846 402.64213836
  4.00   0.10119289   0.00516757   0.00003214 396.64864026
  4.00   0.10751744   0.00546101   0.00003596 390.77983335
  4.00   0.11384200   0.00574758   0.00003993 385.04836811
  4.00   0.12016655   0.00602667   0.00004401 379.46668779
  4.00   0.12649111   0.00629766   0.00004819 374.04684936
  4.00   0.13281566   0.00655998   0.00005244 368.80034403
  4.00   0.13914022   0.00681310   0.00005674 363.73792100
  4.00   0.14546477   0.00705653   0.00006107 358.86941893
  4.00   0.15178933   0.00728982   0.00006540 354.20360922
  4.00   0.15811388   0.00751260   0.00006972 349.74805529
  4.00   0.16443844   0.00772455   0.00007399 345.50899177
  4.00   0.17076299   0.00792544   0.00007820 341.49122694
  4.00   0.17708755   0.00811510   0.00008232 337.69807112
  4.00   0.18341210   0.00829344   0.00008634 334.13129328
  4.00   0.18973666   0.00846044   0.00009023 330.79110937
  4.00   0.19606121   0.00861619   0.00009398 327.67618723
  4.00   0.20238577   0.00876081   0.00009759 324.78370655
  4.00   0.20871033   0.00889453   0.00010102 322.10942003
  4.00   0.21503488   0.00901761   0.00010428 319.64775248
  4.00   0.22135944   0.00913040   0.00010735 317.39191923
  4.00   0.22768399   0.00923330   0.00011024 315.33406102
  4.00   0.23400855   0.00932673   0.00011294 313.46540121
  4.00   0.24033310   0.00941118   0.00011544 311.77639482
  4.00   0.24665766   0.00948715   0.00011775 310.25690130
  4.00   0.25298221   0.00955518   0.00011988 308.89634818
  4.00   0.25930677   0.00961581   0.00012182 307.68389321
  4.00   0.26563132   0.00966957   0.00012358 306.60857940
  4.00   0.27195588   0.00971703   0.00012517 305.65947954
  4.00   0.27828043   0.00975871   0.00012661 304.82582777
  4.00   0.28460499   0.00979514   0.00012789 304.09713603
  4.00   0.29092954   0.00982684   0.00012903 303.46329414
  4.00   0.29725410   0.00985427   0.00013004 302.91465279
  4.00   0.30357866   0.00987790   0.00013092 302.44208921
  4.00   0.30990321   0.00989815   0.00013170 302.03705614
  4.00   0.31622777   0.00991542   0.00013238 301.69161464
  4.00   0.32255232   0.00993008   0.00013296 301.39845227
  4.00   0.32887688   0.00994246   0.00013346 301.15088788
  4.00   0.33520143   0.00995286   0.00013390 300.94286487
  4.00   0.34152599   0.00996155   0.00013426 300.76893451
  4.00   0.34785054   0.00996879   0.00013458 300.62423131
  4.00   0.35417510   0.00997478   0.00013484 300.50444206
  4.00   0.36049965   0.00997971   0.00013506 300.40577026
  4.00   0.36682421   0.00998376   0.00013524 300.32489743
  4.00   0.37314876   0.00998705   0.00013539 300.25894275
  4.00   0.37947332   0.00998973   0.00013552 300.20542214
  4.00   0.38579787   0.00999189   0.00013562 300.16220775
  4.00   0.39212243   0.00999363   0.00013571 300.12748876
  4.00   0.39844699   0.00999501   0.00013578 300.09973405
  4.00   0.40477154   0.00999612   0.00013583 300.07765722
  4.00   0.41109610   0.00999699   0.00013588 300.06018423
  4.00   0.41742065   0.00999768   0.00013591 300.04642394
  4.00   0.42374521   0.00999822   0.00013594 300.03564148
  4.00   0.43006976   0.00999864   0.00013596 300.02723455
  4.00   0.43639432   0.00999896   0.00013598 300.02071245
  4.00   0.44271887   0.00999922   0.00013599 300.01567784
  4.00   0.44904343   0.00999941   0.00013601 300.01181084
  4.00   0.45536798   0.00999956   0.00013601 300.00885547
  4.00   0.46169254   0.00999967   0.00013602 300.00660808
  4.00   0.46801709   0.00999975   0.00013603 300.00490759
  4.00   0.47434165   0.00999982   0.00013603 300.00362733
  4.00   0.48066620   0.00999987   0.00013603 300.00266825
  4.00   0.48699076   0.00999990   0.00013603 300.00195336
  4.00   0.49331531   0.00999993   0.00013604 300.00142316
  4.00   0.49963987   0.00999995   0.00013604 300.00103188
  4.00   0.50596443   0.00999996   0.00013604 300.00074457
  4.00   0.51228898   0.00999997   0.00013604 300.00053464
  4.00   0.51861354   0.00999998   0.00013604 300.00038203
  4.00   0.52493809   0.00999999   0.00013604 300.00027164
  4.00   0.53126265   0.00999999   0.00013604 300.00019218
  4.00   0.53758720   0.00999999   0.00013604 300.00013527
  4.00   0.54391176   0.01000000   0.00013604 300.00009472
  4.00   0.55023631   0.01000000   0.00013604 300.00006597
  4.00   0.55656087   0.01000000   0.00013604 300.00004568
  4.00   0.56288542   0.01000000   0.00013604 300.00003144
  4.00   0.56920998   0.01000000   0.00013604 300.00002149
  4.00   0.57553453   0.01000000   0.00013604 300.00001458
  4.00   0.58185909   0.01000000   0.00013604 300.00000980
  4.00   0.58818364   0.01000000   0.00013604 300.00000651
  4.00   0.59450820   0.01000000   0.00013604 300.00000426
  4.00   0.60083276   0.01000000   0.00013604 300.00000273
  4.00   0.60715731   0.01000000   0.00013604 300.00000169
  4.00   0.61348187   0.01000000   0.00013604 300.00000099
  4.00   0.61980642   0.01000000   0.00013604 300.00000052
  4.00   0.62613098   0.01000000   0.00013604 300.00000021
  4.00   0.63245553   0.01000000   0.00013604 300.00000000
  5.00   0.00000000   0.00000000   0.00000000 500.00000000
  5.00   0.00707107   0.00033206   0.00000012 493.35889903
  5.00   0.01414214   0.00066408   0.00000047 486.71844120
  5.00   0.02121320   0.00099599   0.00000106 480.08027972
  5.00   0.02828427   0.00132764   0.00000188 473.44716708
  5.00   0.03535534   0.00165885   0.00000293 466.82294831
  5.00   0.04242641   0.00198937   0.00000422 460.21254836
  5.00   0.04949747   0.00231890   0.00000573 453.62195144
  5.00   0.05656854   0.00264709   0.00000747 447.05817072
  5.00   0.06363961   0.00297354   0.00000943 440.52920656
  5.00   0.07071068   0.00329780   0.00001161 434.04399184
  5.00   0.07778175   0.00361938   0.00001400 427.61232314
  5.00   0.08485281   0.00393776   0.00001659 421.24477686
  5.00   0.09192388   0.00425237   0.00001937 414.95260987
  5.00   0.09899495   0.00456262   0.00002233 408.74764449
  5.00   0.10606602   0.00486789   0.00002546 402.64213836
  5.00   0.11313708   0.00516757   0.00002874 396.64864026
  5.00   0.12020815   0.00546101   0.00003217 390.77983335
  5.00   0.12727922   0.00574758   0.00003571 385.04836811
  5.00   0.13435029   0.00602667   0.00003936 379.46668779
  5.00   0.14142136   0.00629766   0.00004310 374.04684936
  5.00   0.14849242   0.00655998   0.00004690 368.80034403
  5.00   0.15556349   0.00681310   0.00005075 363.73792100
  5.00   0.16263456   0.00705653   0.00005462 358.86941893
  5.00   0.16970563   0.00728982   0.00005850 354.20360922
  5.00   0.17677670   0.00751260   0.00006236 349.74805529
  5.00   0.18384776   0.00772455   0.00006618 345.50899177
  5.00   0.19091883   0.00792544   0.00006994 341.49122694
  5.00   0.19798990   0.00811510   0.00007363 337.69807112
  5.00   0.20506097   0.00829344   0.00007722 334.13129328
  5.00   0.21213203   0.00846044   0.00008070 330.79110937
  5.00   0.21920310   0.00861619   0.00008406 327.67618723
  5.00   0.22627417   0.00876081   0.00008728 324.78370655
  5.00   0.23334524   0.00889453   0.00009036 322.10942003
  5.00   0.24041631   0.00901761   0.00009327 319.64775248
  5.00   0.24748737   0.00913040   0.00009602 317.39191923
  5.00   0.25455844   0.00923330   0.00009860 315.33406102
  5.00   0.26162951   0.00932673   0.00010101 313.46540121
  5.00   0.26870058   0.00941118   0.00010325 311.77639482
  5.00   0.27577164   0.00948715   0.00010532 310.25690130
  5.00   0.28284271   0.00955518   0.00010722 308.89634818
  5.00   0.28991378   0.00961581   0.00010896 307.68389321
  5.00   0.29698485   0.00966957   0.00011053 306.60857940
  5.00   0.30405592   0.00971703   0.00011196 305.65947954
  5.00   0.31112698   0.00975871   0.00011324 304.82582777
  5.00   0.31819805   0.00979514   0.00011439 304.09713603
  5.00   0.32526912   0.00982684   0.00011541 303.46329414
  5.00   0.33234019   0.00985427   0.00011631 302.91465279
  5.00   0.33941125   0.00987790   0.00011710 302.44208921
  5.00   0.34648232   0.00989815   0.00011780 302.03705614
  5.00   0.35355339   0.00991542   0.00011840 301.69161464
  5.00   0.36062446   0.00993008   0.00011892 301.39845227
  5.00   0.36769553   0.00994246   0.00011937 301.15088788
  5.00   0.37476659   0.00995286   0.00011976 300.94286487
  5.00   0.38183766   0.00996155   0.00012009 300.76893451
  5.00   0.38890873   0.00996879   0.00012037 300.62423131
  5.00   0.39597980   0.00997478   0.00012060 300.50444206
  5.00   0.40305087   0.00997971   0.00012080 300.40577026
  5.00   0.41012193   0.00998376   0.00012096 300.32489743
  5.00   0.41719300   0.00998705   0.00012110 300.25894275
  5.00   0.42426407   0.00998973   0.00012121 300.20542214
  5.00   0.43133514   0.00999189   0.00012131 300.16220775
  5.00   0.43840620   0.00999363   0.00012138 300.12748876
  5.00   0.44547727   0.00999501   0.00012144 300.09973405
  5.00   0.45254834   0.00999612   0.00012149 300.07765722
  5.00   0.45961941   0.00999699   0.00012153 300.06018423
  5.00   0.46669048   0.00999768   0.00012156 300.04642394
  5.00   0.47376154   0.00999822   0.00012159 300.03564148
  5.00   0.48083261   0.00999864   0.00012161 300.02723455
  5.00   0.48790368   0.00999896   0.00012163 300.02071245
  5.00   0.49497475   0.00999922   0.00012164 300.01567784
  5.00   0.50204581   0.00999941   0.00012165 300.01181084
  5.00   0.50911688   0.00999956   0.00012165 300.00885547
  5.00   0.51618795   0.00999967   0.00012166 300.00660808
  5.00   0.52325902   0.00999975   0.00012166 300.00490759
  5.00   0.53033009   0.00999982   0.00012167 300.00362733
  5.00   0.53740115   0.00999987   0.00012167 300.00266825
  5.00   0.54447222   0.00999990   0.00012167 300.00195336
  5.00   0.55154329   0.00999993   0.00012167 300.00142316
  5.00   0.55861436   0.00999995   0.00012168 300.00103188
  5.00   0.56568542   0.00999996   0.00012168 300.00074457
  5.00   0.57275649   0.00999997   0.00012168 300.00053464
  5.00   0.57982756   0.00999998   0.00012168 300.00038203
  5.00   0.58689863   0.00999999   0.00012168 300.00027164
  5.00   0.59396970   0.00999999   0.00012168 300.00019218
  5.00   0.60104076   0.00999999   0.00012168 300.00013527
  5.00   0.60811183   0.01000000   0.00012168 300.00009472
  5.00   0.61518290   0.01000000   0.00012168 300.00006597
  5.00   0.62225397   0.01000000   0.00012168 300.00004568
  5.00   0.62932504   0.01000000   0.00012168 300.00003144
  5.00   0.63639610   0.01000000   0.00012168 300.00002149
  5.00   0.64346717   0.01000000   0.00012168 300.00001458
  5.00   0.65053824   0.01000000   0.00012168 300.00000980
  5.00   0.65760931   0.01000000   0.00012168 300.00000651
  5.00   0.66468037   0.01000000   0.00012168 300.00000426
  5.00   0.67175144   0.01000000   0.00012168 300.00000273
  5.00   0.67882251   0.01000000   0.00012168 300.00000169
  5.00   0.68589358   0.01000000   0.00012168 300.00000099
  5.00   0.69296465   0.01000000   0.00012168 300.00000052
  5.00   0.70003571   0.01000000   0.00012168 300.00000021
  5.00   0.70710678   0.01000000   0.00012168 300.00000000
  6.00   0.00000000   0.00000000   0.00000000 500.00000000
  6.00   0.00774597   0.00033206   0.00000011 493.35889903
  6.00   0.01549193   0.00066408   0.00000043 486.71844120
  6.00   0.02323790   0.00099599   0.00000096 480.08027972
  6.00   0.03098387   0.00132764   0.00000171 473.44716708
  6.00   0.03872983   0.00165885   0.00000268 466.82294831
  6.00   0.04647580   0.00198937   0.00000385 460.21254836
  6.00   0.05422177   0.00231890   0.00000523 453.62195144
  6.00   0.06196773   0.00264709   0.00000682 447.05817072
  6.00   0.06971370   0.00297354   0.00000861 440.52920656
  6.00   0.07745967   0.00329780   0.00001060 434.04399184
  6.00   0.08520563   0.00361938   0.00001278 427.61232314
  6.00   0.09295160   0.00393776   0.00001514 421.24477686
  6.00   0.10069757   0.00425237   0.00001768 414.95260987
  6.00   0.10844353   0.00456262   0.00002038 408.74764449
  6.00   0.11618950   0.00486789   0.00002324 402.64213836
  6.00   0.12393547   0.00516757   0.00002624 396.64864026
  6.00   0.13168143   0.00546101   0.00002936 390.77983335
  6.00   0.13942740   0.00574758   0.00003260 385.04836811
  6.00   0.14717337   0.00602667   0.00003593 379.46668779
  6.00   0.15491933   0.00629766   0.00003934 374.04684936
  6.00   0.16266530   0.00655998   0.00004281 368.80034403
  6.00   0.17041127   0.00681310   0.00004633 363.73792100
  6.00   0.17815723   0.00705653   0.00004986 358.86941893
  6.00   0.18590320   0.00728982   0.00005340 354.20360922
  6.00   0.19364917   0.00751260   0.00005692 349.74805529
  6.00   0.20139513   0.00772455   0.00006041 345.50899177
  6.00   0.20914110   0.00792544   0.00006385 341.49122694
  6.00   0.21688707   0.00811510   0.00006721 337.69807112
  6.00   0.22463303   0.00829344   0.00007049 334.13129328
  6.00   0.23237900   0.00846044   0.00007367 330.79110937
  6.00   0.24012497   0.00861619   0.00007674 327.67618723
  6.00   0.24787093   0.00876081   0.00007968 324.78370655
  6.00   0.25561690   0.00889453   0.00008248 322.10942003
  6.00   0.26336287   0.00901761   0.00008514 319.64775248
  6.00   0.27110883   0.00913040   0.00008765 317.39191923
  6.00   0.27885480   0.00923330   0.00009001 315.33406102
  6.00   0.28660077   0.00932673   0.00009221 313.46540121
  6.00   0.29434673   0.00941118   0.00009426 311.77639482
  6.00   0.30209270   0.00948715   0.00009614 310.25690130
  6.00   0.30983867   0.00955518   0.00009788 308.89634818
  6.00   0.31758463   0.00961581   0.00009946 307.68389321
  6.00   0.32533060   0.00966957   0.00010090 306.60857940
  6.00   0.33307657   0.00971703   0.00010220 305.65947954
  6.00   0.34082253   0.00975871   0.00010337 304.82582777
  6.00   0.34856850   0.00979514   0.00010442 304.09713603
  6.00   0.35631447   0.00982684   0.00010535 303.46329414
  6.00   0.36406043   0.00985427   0.00010617 302.91465279
  6.00   0.37180640   0.00987790   0.00010690 302.44208921
  6.00   0.37955237   0.00989815   0.00010753 302.03705614
  6.00   0.38729833   0.00991542   0.00010808 301.69161464
  6.00   0.39504430   0.00993008   0.00010856 301.39845227
  6.00   0.40279027   0.00994246   0.00010897 301.15088788
  6.00   0.41053623   0.00995286   0.00010933 300.94286487
  6.00   0.41828220   0.00996155   0.00010963 300.76893451
  6.00   0.42602817   0.00996879   0.00010988 300.62423131
  6.00   0.43377413   0.00997478   0.00011010 300.50444206
  6.00   0.44152010   0.00997971   0.00011027 300.40577026
  6.00   0.44926607   0.00998376   0.00011042 300.32489743
  6.00   0.45701203   0.00998705   0.00011055 300.25894275
  6.00   0.46475800   0.00998973   0.00011065 300.20542214
  6.00   0.47250397   0.00999189   0.00011074 300.16220775
  6.00   0.48024993   0.00999363   0.00011081 300.12748876
  6.00   0.48799590   0.00999501   0.00011086 300.09973405
  6.00   0.49574187   0.00999612   0.00011091 300.07765722
  6.00   0.50348784   0.00999699   0.00011094 300.06018423
  6.00   0.51123380   0.00999768   0.00011097 300.04642394
  6.00   0.51897977   0.00999822   0.00011100 300.03564148
  6.00   0.52672574   0.00999864   0.00011101 300.02723455
  6.00   0.53447170   0.00999896   0.00011103 300.02071245
  6.00   0.54221767   0.00999922   0.00011104 300.01567784
  6.00   0.54996364   0.00999941   0.00011105 300.01181084
  6.00   0.55770960   0.00999956   0.00011105 300.00885547
  6.00   0.56545557   0.00999967   0.00011106 300.00660808
  6.00   0.57320154   0.00999975   0.00011106 300.00490759
  6.00   0.58094750   0.00999982   0.00011107 300.00362733
  6.00   0.58869347   0.00999987   0.00011107 300.00266825
  6.00   0.59643944   0.00999990   0.00011107 300.00195336
  6.00   0.60418540   0.00999993   0.00011107 300.00142316
  6.00   0.61193137   0.00999995   0.00011107 300.00103188
  6.00   0.61967734   0.00999996   0.00011107 300.00074457
  6.00   0.62742330   0.00999997   0.00011107 300.00053464
  6.00   0.63516927   0.00999998   0.00011108 300.00038203
  6.00   0.64291524   0.00999999   0.00011108 300.00027164
  6.00   0.65066120   0.00999999   0.00011108 300.00019218
  6.00   0.65840717   0.00999999   0.00011108 300.00013527
  6.00   0.66615314   0.01000000   0.00011108 300.00009472
  6.00   0.67389910   0.01000000   0.00011108 300.00006597
  6.00   0.68164507   0.01000000   0.00011108 300.00004568
  6.00   0.68939104   0.01000000   0.00011108 300.00003144
  6.00   0.69713700   0.01000000   0.00011108 300.00002149
  6.00   0.70488297   0.01000000   0.00011108 300.00001458
  6.00   0.71262894   0.01000000   0.00011108 300.00000980
  6.00   0.72037490   0.01000000   0.00011108 300.00000651
  6.00   0.72812087   0.01000000   0.00011108 300.00000426
  6.00   0.73586684   0.01000000   0.00011108 300.00000273
  6.00   0.74361280   0.01000000   0.00011108 300.00000169
  6.00   0.75135877   0.01000000   0.00011108 300.00000099
  6.00   0.75910474   0.01000000   0.00011108 300.00000052
  6.00   0.76685070   0.01000000   0.00011108 300.00000021
  6.00   0.77459667   0.01000000   0.00011108 300.00000000
  7.00   0.00000000   0.00000000   0.00000000 500.00000000
  7.00   0.00836660   0.00033206   0.00000010 493.35889903
  7.00   0.01673320   0.00066408   0.00000040 486.71844120
  7.00   0.02509980   0.00099599   0.00000089 480.08027972
  7.00   0.03346640   0.00132764   0.00000159 473.44716708
  7.00   0.04183300   0.00165885   0.00000248 466.82294831
  7.00   0.05019960   0.00198937   0.00000356 460.21254836
  7.00   0.05856620   0.00231890   0.00000484 453.62195144
  7.00   0.06693280   0.00264709   0.00000631 447.05817072
  7.00   0.07529940   0.00297354   0.00000797 440.52920656
  7.00   0.08366600   0.00329780   0.00000981 434.04399184
  7.00   0.09203260   0.00361938   0.00001183 427.61232314
  7.00   0.10039920   0.00393776   0.00001402 421.24477686
  7.00   0.10876580   0.00425237   0.00001637 414.95260987
  7.00   0.11713240   0.00456262   0.00001887 408.74764449
  7.00   0.12549900   0.00486789   0.00002152 402.64213836
  7.00   0.13386560   0.00516757   0.00002429 396.64864026
  7.00   0.14223220   0.00546101   0.00002719 390.77983335
  7.00   0.15059880   0.00574758   0.00003018 385.04836811
  7.00   0.15896541   0.00602667   0.00003327 379.46668779
  7.00   0.16733201   0.00629766   0.00003643 374.04684936
  7.00   0.17569861   0.00655998   0.00003964 368.80034403
  7.00   0.18406521   0.00681310   0.00004289 363.73792100
  7.00   0.19243181   0.00705653   0.00004616 358.86941893
  7.00   0.20079841   0.00728982   0.00004944 354.20360922
  7.00   0.20916501   0.00751260   0.00005270 349.74805529
  7.00   0.21753161   0.00772455   0.00005593 345.50899177
  7.00   0.22589821   0.00792544   0.00005911 341.49122694
  7.00   0.23426481   0.00811510   0.00006223 337.69807112
  7.00   0.24263141   0.00829344   0.00006526 334.13129328
  7.00   0.25099801   0.00846044   0.00006821 330.79110937
  7.00   0.25936461   0.00861619   0.00007105 327.67618723
  7.00   0.26773121   0.00876081   0.00007377 324.78370655
  7.00   0.27609781   0.00889453   0.00007636 322.10942003
  7.00   0.28446441   0.00901761   0.00007883 319.64775248
  7.00   0.29283101   0.00913040   0.00008115 317.39191923
  7.00   0.30119761   0.00923330   0.00008334 315.33406102
  7.00   0.30956421   0.00932673   0.00008537 313.46540121
  7.00   0.31793081   0.00941118   0.00008726 311.77639482
  7.00   0.32629741   0.00948715   0.00008901 310.25690130
  7.00   0.33466401   0.00955518   0.00009062 308.89634818
  7.00   0.34303061   0.00961581   0.00009208 307.68389321
  7.00   0.35139721   0.00966957   0.00009342 306.60857940
  7.00   0.35976381   0.00971703   0.00009462 305.65947954
  7.00   0.36813041   0.00975871   0.00009571 304.82582777
  7.00   0.37649701   0.00979514   0.00009667 304.09713603
  7.00   0.38486361   0.00982684   0.00009754 303.46329414
  7.00   0.39323021   0.00985427   0.00009830 302.91465279
  7.00   0.40159681   0.00987790   0.00009897 302.44208921
  7.00   0.40996341   0.00989815   0.00009956 302.03705614
  7.00   0.41833001   0.00991542   0.00010007 301.69161464
  7.00   0.42669661   0.00993008   0.00010051 301.39845227
  7.00   0.43506321   0.00994246   0.00010089 301.15088788
  7.00   0.44342981   0.00995286   0.00010122 300.94286487
  7.00   0.45179641   0.00996155   0.00010149 300.76893451
  7.00   0.46016301   0.00996879   0.00010173 300.62423131
  7.00   0.46852961   0.00997478   0.00010193 300.50444206
  7.00   0.47689622   0.00997971   0.00010209 300.40577026
  7.00   0.48526282   0.00998376   0.00010223 300.32489743
  7.00   0.49362942   0.00998705   0.00010235 300.25894275
  7.00   0.50199602   0.00998973   0.00010244 300.20542214
  7.00   0.51036262   0.00999189   0.00010252 300.16220775
  7.00   0.51872922   0.00999363   0.00010259 300.12748876
  7.00   0.52709582   0.00999501   0.00010264 300.09973405
  7.00   0.53546242   0.00999612   0.00010268 300.07765722
  7.00   0.54382902   0.00999699   0.00010271 300.06018423
  7.00   0.55219562   0.00999768   0.00010274 300.04642394
  7.00   0.56056222   0.00999822   0.00010276 300.03564148
  7.00   0.56892882   0.00999864   0.00010278 300.02723455
  7.00   0.57729542   0.00999896   0.00010279 300.02071245
  7.00   0.58566202   0.00999922   0.00010280 300.01567784
  7.00   0.59402862   0.00999941   0.00010281 300.01181084
  7.00   0.60239522   0.00999956   0.00010282 300.00885547
  7.00   0.61076182   0.00999967   0.00010282 300.00660808
  7.00   0.61912842   0.00999975   0.00010283 300.00490759
  7.00   0.62749502   0.00999982   0.00010283 300.00362733
  7.00   0.63586162   0.00999987   0.00010283 300.00266825
  7.00   0.64422822   0.00999990   0.00010283 300.00195336
  7.00   0.65259482   0.00999993   0.00010283 300.00142316
  7.00   0.66096142   0.00999995   0.00010283 300.00103188
  7.00   0.66932802   0.00999996   0.00010283 300.00074457
  7.00   0.67769462   0.00999997   0.00010284 300.00053464
  7.00   0.68606122   0.00999998   0.00010284 300.00038203
  7.00   0.69442782   0.00999999   0.00010284 300.00027164
  7.00   0.70279442   0.00999999   0.00010284 300.00019218
  7.00   0.71116102   0.00999999   0.00010284 300.00013527
  7.00   0.71952762   0.01000000   0.00010284 300.00009472
  7.00   0.72789422   0.01000000   0.00010284 300.00006597
  7.00   0.73626082   0.01000000   0.00010284 300.00004568
  7.00   0.74462742   0.01000000   0.00010284 300.00003144
  7.00   0.75299402   0.01000000   0.00010284 300.00002149
  7.00   0.76136062   0.01000000   0.00010284 300.00001458
  7.00   0.76972722   0.01000000   0.00010284 300.00000980
  7.00   0.77809382   0.01000000   0.00010284 300.00000651
  7.00   0.78646042   0.01000000   0.00010284 300.00000426
  7.00   0.79482703   0.01000000   0.00010284 300.00000273
  7.00   0.80319363   0.01000000   0.00010284 300.00000169
  7.00   0.81156023   0.01000000   0.00010284 300.00000099
  7.00   0.81992683   0.01000000   0.00010284 300.00000052
  7.00   0.82829343   0.01000000   0.00010284 300.00000021
  7.00   0.83666003   0.01000000   0.00010284 300.00000000
  8.00   0.00000000   0.00000000   0.00000000 500.00000000
  8.00   0.00894427   0.00033206   0.00000009 493.35889903
  8.00   0.01788854   0.00066408   0.00000037 486.71844120
  8.00   0.02683282   0.00099599   0.00000084 480.08027972
  8.00   0.03577709   0.00132764   0.00000148 473.44716708
  8.00   0.04472136   0.00165885   0.00000232 466.82294831
  8.00   0.05366563   0.00198937   0.00000333 460.21254836
  8.00   0.06260990   0.00231890   0.00000453 453.62195144
  8.00   0.07155418   0.00264709   0.00000591 447.05817072
  8.00   0.08049845   0.00297354   0.00000746 440.52920656
  8.00   0.08944272   0.00329780   0.00000918 434.04399184
  8.00   0.09838699   0.00361938   0.00001107 427.61232314
  8.00   0.10733126   0.00393776   0.00001311 421.24477686
  8.00   0.11627553   0.00425237   0.00001531 414.95260987
  8.00   0.12521981   0.00456262   0.00001765 408.74764449
  8.00   0.13416408   0.00486789   0.00002013 402.64213836
  8.00   0.14310835   0.00516757   0.00002272 396.64864026
  8.00   0.15205262   0.00546101   0.00002543 390.77983335
  8.00   0.16099689   0.00574758   0.00002823 385.04836811
  8.00   0.16994117   0.00602667   0.00003112 379.46668779
  8.00   0.17888544   0.00629766   0.00003407 374.04684936
  8.00   0.18782971   0.00655998   0.00003708 368.80034403
  8.00   0.19677398   0.00681310   0.00004012 363.73792100
  8.00   0.20571825   0.00705653   0.00004318 358.86941893
  8.00   0.21466253   0.00728982   0.00004625 354.20360922
  8.00   0.22360680   0.00751260   0.00004930 349.74805529
  8.00   0.23255107   0.00772455   0.00005232 345.50899177
  8.00   0.24149534   0.00792544   0.00005529 341.49122694
  8.00   0.25043961   0.00811510   0.00005821 337.69807112
  8.00   0.25938389   0.00829344   0.00006105 334.13129328
  8.00   0.26832816   0.00846044   0.00006380 330.79110937
  8.00   0.27727243   0.00861619   0.00006646 327.67618723
  8.00   0.28621670   0.00876081   0.00006900 324.78370655
  8.00   0.29516097   0.00889453   0.00007143 322.10942003
  8.00   0.30410524   0.00901761   0.00007374 319.64775248
  8.00   0.31304952   0.00913040   0.00007591 317.39191923
  8.00   0.32199379   0.00923330   0.00007795 315.33406102
  8.00   0.33093806   0.00932673   0.00007986 313.46540121
  8.00   0.33988233   0.00941118   0.00008163 311.77639482
  8.00   0.34882660   0.00948715   0.00008326 310.25690130
  8.00   0.35777088   0.00955518   0.00008477 308.89634818
  8.00   0.36671515   0.00961581   0.00008614 307.68389321
  8.00   0.37565942   0.00966957   0.00008738 306.60857940
  8.00   0.38460369   0.00971703   0.00008851 305.65947954
  8.00   0.39354796   0.00975871   0.00008952 304.82582777
  8.00   0.40249224   0.00979514   0.00009043 304.09713603
  8.00   0.41143651   0.00982684   0.00009124 303.46329414
  8.00   0.42038078   0.00985427   0.00009195 302.91465279
  8.00   0.42932505   0.00987790   0.00009258 302.44208921
  8.00   0.43826932   0.00989815   0.00009313 302.03705614
  8.00   0.44721360   0.00991542   0.00009360 301.69161464
  8.00   0.45615787   0.00993008   0.00009402 301.39845227
  8.00   0.46510214   0.00994246   0.00009437 301.15088788
  8.00   0.47404641   0.00995286   0.00009468 300.94286487
  8.00   0.48299068   0.00996155   0.00009494 300.76893451
  8.00   0.49193496   0.00996879   0.00009516 300.62423131
  8.00   0.50087923   0.00997478   0.00009535 300.50444206
  8.00   0.50982350   0.00997971   0.00009550 300.40577026
  8.00   0.51876777   0.00998376   0.00009563 300.32489743
  8.00   0.52771204   0.00998705   0.00009574 300.25894275
  8.00   0.53665631   0.00998973   0.00009583 300.20542214
  8.00   0.54560059   0.00999189   0.00009590 300.16220775
  8.00   0.55454486   0.00999363   0.00009596 300.12748876
  8.00   0.56348913   0.00999501   0.00009601 300.09973405
  8.00   0.57243340   0.00999612   0.00009605 300.07765722
  8.00   0.58137767   0.00999699   0.00009608 300.06018423
  8.00   0.59032195   0.00999768   0.00009610 300.04642394
  8.00   0.59926622   0.00999822   0.00009612 300.03564148
  8.00   0.60821049   0.00999864   0.00009614 300.02723455
  8.00   0.61715476   0.00999896   0.00009615 300.02071245
  8.00   0.62609903   0.00999922   0.00009616 300.01567784
  8.00   0.63504331   0.00999941   0.00009617 300.01181084
  8.00   0.64398758   0.00999956   0.00009618 300.00885547
  8.00   0.65293185   0.00999967   0.00009618 300.00660808
  8.00   0.66187612   0.00999975   0.00009618 300.00490759
  8.00   0.67082039   0.00999982   0.00009619 300.00362733
  8.00   0.67976467   0.00999987   0.00009619 300.00266825
  8.00   0.68870894   0.00999990   0.00009619 300.00195336
  8.00   0.69765321   0.00999993   0.00009619 300.00142316
  8.00   0.70659748   0.00999995   0.00009619 300.00103188
  8.00   0.71554175   0.00999996   0.00009619 300.00074457
  8.00   0.72448602   0.00999997   0.00009619 300.00053464
  8.00   0.73343030   0.00999998   0.00009619 300.00038203
  8.00   0.74237457   0.00999999   0.00009619 300.00027164
  8.00   0.75131884   0.00999999   0.00009619 300.00019218
  8.00   0.76026311   0.00999999   0.00009619 300.00013527
  8.00   0.76920738   0.01000000   0.00009619 300.00009472
  8.00   0.77815166   0.01000000   0.00009619 300.00006597
  8.00   0.78709593   0.01000000   0.00009619 300.00004568
  8.00   0.79604020   0.01000000   0.00009619 300.00003144
  8.00   0.80498447   0.01000000   0.00009619 300.00002149
  8.00   0.81392874   0.01000000   0.00009619 300.00001458
  8.00   0.82287302   0.01000000   0.00009619 300.00000980
  8.00   0.83181729   0.01000000   0.00009619 300.00000651
  8.00   0.84076156   0.01000000   0.00009619 300.00000426
  8.00   0.84970583   0.01000000   0.00009619 300.00000273
  8.00   0.85865010   0.01000000   0.00009619 300.00000169
  8.00   0.86759438   0.01000000   0.00009619 300.00000099
  8.00   0.87653865   0.01000000   0.00009619 300.00000052
  8.00   0.88548292   0.01000000   0.00009619 300.00000021
  8.00   0.89442719   0.01000000   0.00009619 300.00000000
  9.00   0.00000000   0.00000000   0.00000000 500.00000000
  9.00   0.00948683   0.00033206   0.00000009 493.35889903
  9.00   0.01897367   0.00066408   0.00000035 486.71844120
  9.00   0.02846050   0.00099599   0.00000079 480.08027972
  9.00   0.03794733   0.00132764   0.00000140 473.44716708
  9.00   0.04743416   0.00165885   0.00000218 466.82294831
  9.00   0.05692100   0.00198937   0.00000314 460.21254836
  9.00   0.06640783   0.00231890   0.00000427 453.62195144
  9.00   0.07589466   0.00264709   0.00000557 447.05817072
  9.00   0.08538150   0.00297354   0.00000703 440.52920656
  9.00   0.09486833   0.00329780   0.00000865 434.04399184
  9.00   0.10435516   0.00361938   0.00001043 427.61232314
  9.00   0.11384200   0.00393776   0.00001236 421.24477686
  9.00   0.12332883   0.00425237   0.00001444 414.95260987
  9.00   0.13281566   0.00456262   0.00001664 408.74764449
  9.00   0.14230249   0.00486789   0.00001898 402.64213836
  9.00   0.15178933   0.00516757   0.00002142 396.64864026
  9.00   0.16127616   0.00546101   0.00002398 390.77983335
  9.00   0.17076299   0.00574758   0.00002662 385.04836811
  9.00   0.18024983   0.00602667   0.00002934 379.46668779
  9.00   0.18973666   0.00629766   0.00003212 374.04684936
  9.00   0.19922349   0.00655998   0.00003496 368.80034403
  9.00   0.20871033   0.00681310   0.00003783 363.73792100
  9.00   0.21819716   0.00705653   0.00004071 358.86941893
  9.00   0.22768399   0.00728982   0.00004360 354.20360922
  9.00   0.23717082   0.00751260   0.00004648 349.74805529
  9.00   0.24665766   0.00772455   0.00004933 345.50899177
  9.00   0.25614449   0.00792544   0.00005213 341.49122694
  9.00   0.26563132   0.00811510   0.00005488 337.69807112
  9.00   0.27511816   0.00829344   0.00005756 334.13129328
  9.00   0.28460499   0.00846044   0.00006015 330.79110937
  9.00   0.29409182   0.00861619   0.00006266 327.67618723
  9.00   0.30357866   0.00876081   0.00006506 324.78370655
  9.00   0.31306549   0.00889453   0.00006735 322.10942003
  9.00   0.32255232   0.00901761   0.00006952 319.64775248
  9.00   0.33203915   0.00913040   0.00007157 317.39191923
  9.00   0.34152599   0.00923330   0.00007349 315.33406102
  9.00   0.35101282   0.00932673   0.00007529 313.46540121
  9.00   0.36049965   0.00941118   0.00007696 311.77639482
  9.00   0.36998649   0.00948715   0.00007850 310.25690130
  9.00   0.37947332   0.00955518   0.00007992 308.89634818
  9.00   0.38896015   0.00961581   0.00008121 307.68389321
  9.00   0.39844699   0.00966957   0.00008239 306.60857940
  9.00   0.40793382   0.00971703   0.00008345 305.65947954
  9.00   0.41742065   0.00975871   0.00008440 304.82582777
  9.00   0.42690748   0.00979514   0.00008526 304.09713603
  9.00   0.43639432   0.00982684   0.00008602 303.46329414
  9.00   0.44588115   0.00985427   0.00008669 302.91465279
  9.00   0.45536798   0.00987790   0.00008728 302.44208921
  9.00   0.46485482   0.00989815   0.00008780 302.03705614
  9.00   0.47434165   0.00991542   0.00008825 301.69161464
  9.00   0.48382848   0.00993008   0.00008864 301.39845227
  9.00   0.49331531   0.00994246   0.00008898 301.15088788
  9.00   0.50280215   0.00995286   0.00008926 300.94286487
  9.00   0.51228898   0.00996155   0.00008951 300.76893451
  9.00   0.52177581   0.00996879   0.00008972 300.62423131
  9.00   0.53126265   0.00997478   0.00008989 300.50444206
  9.00   0.54074948   0.00997971   0.00009004 300.40577026
  9.00   0.55023631   0.00998376   0.00009016 300.32489743
  9.00   0.55972315   0.00998705   0.00009026 300.25894275
  9.00   0.56920998   0.00998973   0.00009035 300.20542214
  9.00   0.57869681   0.00999189   0.00009042 300.16220775
  9.00   0.58818364   0.00999363   0.00009047 300.12748876
  9.00   0.59767048   0.00999501   0.00009052 300.09973405
  9.00   0.60715731   0.00999612   0.00009055 300.07765722
  9.00   0.61664414   0.00999699   0.00009058 300.06018423
  9.00   0.62613098   0.00999768   0.00009061 300.04642394
  9.00   0.63561781   0.00999822   0.00009063 300.03564148
  9.00   0.64510464   0.00999864   0.00009064 300.02723455
  9.00   0.65459148   0.00999896   0.00009065 300.02071245
  9.00   0.66407831   0.00999922   0.00009066 300.01567784
  9.00   0.67356514   0.00999941   0.00009067 300.01181084
  9.00   0.68305197   0.00999956   0.00009068 300.00885547
  9.00   0.69253881   0.00999967   0.00009068 300.00660808
  9.00   0.70202564   0.00999975   0.00009068 300.00490759
  9.00   0.71151247   0.00999982   0.00009069 300.00362733
  9.00   0.72099931   0.00999987   0.00009069 300.00266825
  9.00   0.73048614   0.00999990   0.00009069 300.00195336
  9.00   0.73997297   0.00999993   0.00009069 300.00142316
  9.00   0.74945981   0.00999995   0.00009069 300.00103188
  9.00   0.75894664   0.00999996   0.00009069 300.00074457
  9.00   0.76843347   0.00999997   0.00009069 300.00053464
  9.00   0.77792030   0.00999998   0.00009069 300.00038203
  9.00   0.78740714   0.00999999   0.00009069 300.00027164
  9.00   0.79689397   0.00999999   0.00009069 300.00019218
  9.00   0.80638080   0.00999999   0.00009069 300.00013527
  9.00   0.81586764   0.01000000   0.00009069 300.00009472
  9.00   0.82535447   0.01000000   0.00009069 300.00006597
  9.00   0.83484130   0.01000000   0.00009069 300.00004568
  9.00   0.84432814   0.01000000   0.00009069 300.00003144
  9.00   0.85381497   0.01000000   0.00009069 300.00002149
  9.00   0.86330180   0.01000000   0.00009069 300.00001458
  9.00   0.87278863   0.01000000   0.00009069 300.00000980
  9.00   0.88227547   0.01000000   0.00009069 300.00000651
  9.00   0.89176230   0.01000000   0.00009069 300.00000426
  9.00   0.90124913   0.01000000   0.00009069 300.00000273
  9.00   0.91073597   0.01000000   0.00009069 300.00000169
  9.00   0.92022280   0.01000000   0.00009069 300.00000099
  9.00   0.92970963   0.01000000   0.00009069 300.00000052
  9.00   0.93919647   0.01000000   0.00009069 300.00000021
  9.00   0.94868330   0.01000000   0.00009069 300.00000000
 10.00   0.00000000   0.00000000   0.00000000 500.00000000
 10.00   0.01000000   0.00033206   0.00000008 493.35889903
 10.00   0.02000000   0.00066408   0.00000033 486.71844120
 10.00   0.03000000   0.00099599   0.00000075 480.08027972
 10.00   0.04000000   0.00132764   0.00000133 473.44716708
 10.00   0.05000000   0.00165885   0.00000207 466.82294831
 10.00   0.06000000   0.00198937   0.00000298 460.21254836
 10.00   0.07000000   0.00231890   0.00000405 453.62195144
 10.00   0.08000000   0.00264709   0.00000528 447.05817072
 10.00   0.09000000   0.00297354   0.00000667 440.52920656
 10.00   0.10000000   0.00329780   0.00000821 434.04399184
 10.00   0.11000000   0.00361938   0.00000990 427.61232314
 10.00   0.12000000   0.00393776   0.00001173 421.24477686
 10.00   0.13000000   0.00425237   0.00001370 414.95260987
 10.00   0.14000000   0.00456262   0.00001579 408.74764449
 10.00   0.15000000   0.00486789   0.00001800 402.64213836
 10.00   0.16000000   0.00516757   0.00002032 396.64864026
 10.00   0.17000000   0.00546101   0.00002275 390.77983335
 10.00   0.18000000   0.00574758   0.00002525 385.04836811
 10.00   0.19000000   0.00602667   0.00002783 379.46668779
 10.00   0.20000000   0.00629766   0.00003048 374.04684936
 10.00   0.21000000   0.00655998   0.00003316 368.80034403
 10.00   0.22000000   0.00681310   0.00003588 363.73792100
 10.00   0.23000000   0.00705653   0.00003862 358.86941893
 10.00   0.24000000   0.00728982   0.00004136 354.20360922
 10.00   0.25000000   0.00751260   0.00004409 349.74805529
 10.00   0.26000000   0.00772455   0.00004679 345.50899177
 10.00   0.27000000   0.00792544   0.00004946 341.49122694
 10.00   0.28000000   0.00811510   0.00005206 337.69807112
 10.00   0.29000000   0.00829344   0.00005460 334.13129328
 10.00   0.30000000   0.00846044   0.00005707 330.79110937
 10.00   0.31000000   0.00861619   0.00005944 327.67618723
 10.00   0.32000000   0.00876081   0.00006172 324.78370655
 10.00   0.33000000   0.00889453   0.00006389 322.10942003
 10.00   0.34000000   0.00901761   0.00006595 319.64775248
 10.00   0.35000000   0.00913040   0.00006790 317.39191923
 10.00   0.36000000   0.00923330   0.00006972 315.33406102
 10.00   0.37000000   0.00932673   0.00007143 313.46540121
 10.00   0.38000000   0.00941118   0.00007301 311.77639482
 10.00   0.39000000   0.00948715   0.00007447 310.25690130
 10.00   0.40000000   0.00955518   0.00007582 308.89634818
 10.00   0.41000000   0.00961581   0.00007704 307.68389321
 10.00   0.42000000   0.00966957   0.00007816 306.60857940
 10.00   0.43000000   0.00971703   0.00007917 305.65947954
 10.00   0.44000000   0.00975871   0.00008007 304.82582777
 10.00   0.45000000   0.00979514   0.00008088 304.09713603
 10.00   0.46000000   0.00982684   0.00008160 303.46329414
 10.00   0.47000000   0.00985427   0.00008224 302.91465279
 10.00   0.48000000   0.00987790   0.00008280 302.44208921
 10.00   0.49000000   0.00989815   0.00008329 302.03705614
 10.00   0.50000000   0.00991542   0.00008372 301.69161464
 10.00   0.51000000   0.00993008   0.00008409 301.39845227
 10.00   0.52000000   0.00994246   0.00008441 301.15088788
 10.00   0.53000000   0.00995286   0.00008468 300.94286487
 10.00   0.54000000   0.00996155   0.00008492 300.76893451
 10.00   0.55000000   0.00996879   0.00008511 300.62423131
 10.00   0.56000000   0.00997478   0.00008528 300.50444206
 10.00   0.57000000   0.00997971   0.00008542 300.40577026
 10.00   0.58000000   0.00998376   0.00008553 300.32489743
 10.00   0.59000000   0.00998705   0.00008563 300.25894275
 10.00   0.60000000   0.00998973   0.00008571 300.20542214
 10.00   0.61000000   0.00999189   0.00008578 300.16220775
 10.00   0.62000000   0.00999363   0.00008583 300.12748876
 10.00   0.63000000   0.00999501   0.00008587 300.09973405
 10.00   0.64000000   0.00999612   0.00008591 300.07765722
 10.00   0.65000000   0.00999699   0.00008594 300.06018423
 10.00   0.66000000   0.00999768   0.00008596 300.04642394
 10.00   0.67000000   0.00999822   0.00008598 300.03564148
 10.00   0.68000000   0.00999864   0.00008599 300.02723455
 10.00   0.69000000   0.00999896   0.00008600 300.02071245
 10.00   0.70000000   0.00999922   0.00008601 300.01567784
 10.00   0.71000000   0.00999941   0.00008602 300.01181084
 10.00   0.72000000   0.00999956   0.00008602 300.00885547
 10.00   0.73000000   0.00999967   0.00008603 300.00660808
 10.00   0.74000000   0.00999975   0.00008603 300.00490759
 10.00   0.75000000   0.00999982   0.00008603 300.00362733
 10.00   0.76000000   0.00999987   0.00008603 300.00266825
 10.00   0.77000000   0.00999990   0.00008604 300.00195336
 10.00   0.78000000   0.00999993   0.00008604 300.00142316
 10.00   0.79000000   0.00999995   0.00008604 300.00103188
 10.00   0.80000000   0.00999996   0.00008604 300.00074457
 10.00   0.81000000   0.00999997   0.00008604 300.00053464
 10.00   0.82000000   0.00999998   0.00008604 300.00038203
 10.00   0.83000000   0.00999999   0.00008604 300.00027164
 10.00   0.84000000   0.00999999   0.00008604 300.00019218
 10.00   0.85000000   0.00999999   0.00008604 300.00013527
 10.00   0.86000000   0.01000000   0.00008604 300.00009472
 10.00   0.87000000   0.01000000   0.00008604 300.00006597
 10.00   0.88000000   0.01000000   0.00008604 300.00004568
 10.00   0.89000000   0.01000000   0.00008604 300.00003144
 10.00   0.90000000   0.01000000   0.00008604 300.00002149
 10.00   0.91000000   0.01000000   0.00008604 300.00001458
 10.00   0.92000000   0.01000000   0.00008604 300.00000980
 10.00   0.93000000   0.01000000   0.00008604 300.00000651
 10.00   0.94000000   0.01000000   0.00008604 300.00000426
 10.00   0.95000000   0.01000000   0.00008604 300.00000273
 10.00   0.96000000   0.01000000   0.00008604 300.00000169
 10.00   0.97000000   0.01000000   0.00008604 300.00000099
 10.00   0.98000000   0.01000000   0.00008604 300.00000052
 10.00   0.99000000   0.01000000   0.00008604 300.00000021
 10.00   1.00000000   0.01000000   0.00008604 300.00000000
